5783
5439
9040
2126
5299
8216
9000
5386
7726
1600
3178
6645
5957
1827
8349
5281
1210
2772
2660
7600
9181
8687
9620
9133
6733
4748
3399
4309
9521
3864
3378
9805
3454
7103
5329
2569
1747
8101
9339
4151
9062
5567
9881
1573
9654
4862
6064
7563
3192
2728
5960
6599
5950
9330
8768
4738
9919
5865
9249
7282
6359
3433
1630
6249
3170
6378
5109
8684
9400
9230
2557
4523
7980
1411
5739
9802
7591
5928
2573
6760
9204
8402
3510
5738
4539
1529
2104
6077
1993
7789
5963
6340
6553
1621
8305
6947
8824
5275
9377
6520
3388
2082
1291
5901
6004
6011
2903
6698
5876
2792
2673
7263
8508
4418
9010
3550
3482
3042
1522
5712
3056
3235
1460
1107
6829
8681
9879
1472
5687
9707
2320
8389
9384
9950
9607
7525
8414
5850
8097
3133
2250
9296
8436
7451
2923
3187
1990
1630
6249
3170
6378
5109
8684
9400
9230
2557
4523
7980
1411
5739
9802
7591
5928
2573
6760
9204
8402
3510
5738
4539
1529
2104
6077
1993
7789
5963
6340
6553
1621
8305
6947
8824
5275
9377
6520
3388
2082
1291
5901
6004
6011
2903
6698
5876
2792
2673
7263
8508
4418
9010